-0.085938
-0.027344
-0.160156
0.058594
-0.156250
-0.080078
0.005859
-0.312500
-0.091797
-0.019531
0.091797
-0.152344
-0.103516
0.011719
0.017578
0.033203
-0.115234
0.087891
-0.332031
-0.052734
0.410156
0.302734
0.171875
-0.230469
-0.199219
-0.078125
-0.171875
-0.312500
-0.066406
0.210938
-0.218750
-0.250000
0.173828
-0.189453
-0.072266
0.207031
0.371094
0.261719
0.181641
-0.175781
-0.146484
-0.160156
-0.208984
-0.302734
-0.023438
0.222656
-0.185547
-0.263672
0.173828
-0.156250
-0.093750
0.199219
0.394531
0.306641
0.203125
-0.183594
-0.126953
-0.121094
-0.208984
-0.320313
-0.015625
0.226563
-0.244141
-0.261719
0.123047
-0.185547
-0.060547
0.189453
0.363281
0.291016
0.164063
-0.171875
-0.197266
-0.074219
-0.214844
-0.292969
-0.009766
0.214844
-0.199219
-0.226563
0.201172
-0.126953
-0.066406
0.187500
0.394531
0.308594
0.169922
-0.199219
-0.156250
-0.142578
-0.173828
-0.308594
-0.052734
0.240234
-0.220703
-0.267578
0.150391
-0.154297
-0.060547
0.173828
0.361328
0.302734
0.164063
-0.199219
-0.152344
-0.171875
-0.214844
-0.306641
-0.015625
0.214844
-0.207031
-0.273438
0.175781
-0.177734
-0.070313
0.236328
0.396484
0.314453
0.164063
-0.191406
-0.115234
-0.097656
-0.197266
-0.310547
0.001953
0.203125
-0.199219
-0.267578
0.195313
-0.160156
-0.085938
0.119141
0.357422
0.322266
0.154297
-0.195313
-0.156250
-0.146484
-0.236328
-0.296875
0.000000
0.179688
-0.226563
-0.271484
0.175781
-0.171875
-0.085938
0.230469
0.373047
0.310547
0.164063
-0.185547
-0.148438
-0.164063
-0.222656
-0.300781
-0.021484
0.220703
-0.253906
-0.259766
0.171875
-0.154297
-0.050781
0.218750
0.406250
0.316406
0.187500
-0.207031
-0.173828
-0.130859
-0.212891
-0.271484
-0.011719
0.197266
-0.222656
-0.281250
0.138672
-0.160156
-0.054688
0.179688
-0.160156
0.148438
-0.177734
-0.285156
-0.007813
-0.005859
-0.136719
0.382813
0.238281
-0.132813
0.349609
-0.458984
0.105469
-0.103516
-0.080078
0.060547
-0.283203
0.097656
0.154297
0.105469
-0.220703
-0.140625
0.193359
0.158203
0.253906
0.025391
0.345703
-0.126953
-0.046875
-0.148438
0.166016
0.097656
-0.314453
0.074219
0.257813
-0.085938
0.169922
-0.304688
-0.191406
0.208984
0.291016
-0.177734
0.113281
-0.230469
-0.402344
-0.060547
0.126953
-0.138672
-0.031250
-0.187500
0.000000
0.117188
0.054688
-0.267578
0.156250
-0.103516
-0.095703
0.101563
0.218750
0.296875
-0.027344
0.140625
-0.210938
0.029297
-0.244141
0.119141
-0.201172
-0.291016
-0.058594
-0.021484
-0.142578
0.357422
0.248047
-0.144531
0.349609
-0.458984
0.125000
-0.130859
-0.007813
0.107422
-0.326172
0.183594
0.148438
0.173828
-0.240234
-0.130859
0.203125
0.216797
0.240234
-0.021484
0.341797
-0.113281
-0.085938
-0.130859
0.132813
0.134766
-0.300781
0.056641
0.220703
-0.085938
0.208984
-0.375000
-0.203125
0.152344
0.292969
-0.199219
0.185547
-0.244141
-0.433594
-0.085938
0.160156
-0.128906
-0.021484
-0.185547
0.035156
0.091797
0.058594
-0.238281
0.212891
-0.085938
-0.103516
0.119141
0.218750
0.335938
0.052734
0.173828
-0.214844
0.064453
-0.171875
0.140625
-0.195313
-0.316406
-0.031250
-0.050781
-0.126953
0.367188
0.269531
-0.107422
0.373047
-0.490234
0.082031
-0.093750
-0.052734
0.076172
-0.259766
0.164063
0.138672
0.142578
-0.279297
-0.126953
0.201172
0.214844
0.232422
-0.019531
0.318359
-0.109375
-0.087891
-0.175781
0.146484
0.007813
-0.103516
0.166016
-0.064453
0.058594
-0.103516
0.257813
-0.175781
-0.064453
0.087891
-0.292969
-0.089844
0.050781
0.136719
-0.083984
-0.257813
0.142578
-0.041016
-0.132813
0.191406
0.027344
0.097656
0.000000
-0.001953
-0.093750
0.039063
0.087891
0.060547
0.156250
0.132813
-0.091797
-0.105469
-0.150391
0.142578
-0.146484
-0.177734
-0.115234
-0.091797
0.093750
-0.007813
-0.019531
0.015625
0.064453
-0.230469
-0.011719
0.007813
0.138672
-0.134766
0.166016
0.126953
-0.160156
-0.203125
0.052734
0.000000
-0.187500
0.089844
-0.068359
-0.082031
0.089844
-0.035156
-0.119141
0.001953
-0.052734
0.097656
0.240234
-0.113281
0.181641
-0.093750
0.087891
-0.083984
0.298828
-0.148438
-0.091797
0.037109
-0.277344
-0.097656
0.093750
0.203125
-0.125000
-0.330078
0.138672
-0.085938
-0.027344
-0.160156
0.058594
-0.156250
-0.080078
0.005859
-0.312500
-0.091797
-0.019531
0.091797
-0.152344
-0.103516
0.011719
0.017578
0.033203
-0.115234
0.087891
-0.332031
-0.052734
-0.023438
-0.140625
-0.041016
0.003906
-0.041016
0.205078
-0.023438
-0.220703
0.246094
-0.138672
0.097656
-0.111328
-0.144531
0.042969
0.160156
0.085938
-0.160156
-0.125000
0.130859
-0.162109
-0.058594
-0.021484
-0.132813
0.150391
-0.154297
-0.136719
0.171875
-0.064453
0.083984
-0.041016
0.130859
0.048828
-0.083984
-0.046875
0.048828
-0.177734
-0.015625
-0.158203
-0.132813
-0.109375
0.214844
-0.005859
-0.015625
-0.093750
-0.125000
0.000000
-0.208984
0.005859
-0.126953
-0.099609
0.037109
-0.314453
-0.056641
-0.027344
0.052734
-0.146484
-0.115234
-0.027344
0.027344
0.054688
