0000000010010
0000001001100
0000000000111
1111111001011
0000000110010
1111111110110
1111111100001
0000001100111
0000000101100
0000000101000
1111111111111
0000000110100
1111111000110
0000000110101
1111111011010
1111111101010
1111111111110
0000001101101
1111111101100
1111111001100
0000000000111
0000000000111
0000000011111
1111111011001
0000010001001
1111110110111
1111111100010
0000011000101
0000010011001
1111110111000
0000000010010
1111110010010
0000001111010
0000001100101
1111111100000
1111111110010
1111111111111
0000000000010
0000000010101
1111111010000
0000010010001
1111110110110
1111111001010
0000010111100
0000010001011
1111110110011
0000000010001
1111110001111
0000001111001
0000001101111
1111111010110
1111111100111
1111111111100
0000000001010
0000000011100
1111111100000
0000010011110
1111110111000
1111111100011
0000011000100
0000001111011
1111110101001
0000000100011
1111110000111
0000010000111
0000001011100
1111111100000
1111111100101
0000000000001
0000000001000
0000000001110
1111111011101
0000010010101
1111110010110
1111111010010
0000010111001
0000010100111
1111110110101
0000000010111
1111110010011
0000010000000
0000001100100
1111111100101
1111111100101
1111111111110
1111111111110
0000000011010
1111111111101
0000010011010
1111110101111
1111111011110
0000010110111
0000010001110
1111110100000
0000000011111
1111101101111
0000010000001
0000001011100
1111111010100
1111111011010
0000000000101
1111111100010
0000000011011
1111111010010
0000010011001
1111110100101
1111111101111
0000010110101
0000001110101
1111110111111
0000000010100
1111110000100
0000010000010
0000001111000
1111111101010
1111111000110
1111111110110
0000000001100
0000000100101
1111111011001
0000010011010
1111110110100
1111110111111
0000010111111
0000001111111
1111110110110
0000000010110
1111110001000
0000010001100
0000001100011
1111111100010
1111111011100
1111111110000
0000000000011
0000000101101
1111111100010
0000010001001
1111110011011
1111111001101
0000010111100
0000001111110
1111111000101
0000000011010
1111101111100
0000001111101
0000001110110
1111111100101
1111111100100
1111111111111
1111111111001
0000000011000
1111111100000
0000010010010
1111110101001
1111111010110
0000011000100
0000010001100
1111110100101
0000000001111
1111110001010
0000001110101
0000001100110
1111111101111
1111111100000
1111111111111
0000000000110
0000000010000
1111111110010
0000010001010
1111110011100
1111111010000
0000010111100
0000010001010
1111111001010
0000000011111
1111110000010
0000010001011
0000001100100
1111111100111
1111111101001
1111111001101
1111111111011
1111111111101
0000000011000
0000000111101
0000010010001
1111110110001
1111111000110
1111111001011
0000000010100
1111111011100
0000001000101
0000000001001
1111110000111
1111101010001
0000010001111
1111111010100
0000001100001
1111101101110
0000001110110
1111111111100
0000001010100
0000001001001
0000000001011
0000010100001
0000000110011
1111111101111
1111111000011
1111111000110
1111110111011
1111110111111
1111111101000
0000001111100
1111110000001
1111111011100
1111110001111
0000001001011
1111111110100
1111101000100
1111111011011
0000000010101
0000000111000
1111110101001
1111111100101
1111110101001
0000001000010
0000001011101
1111111100100
1111110000000
1111111010000
0000000000111
1111110010000
1111110101110
1111110100010
0000001101010
1111111110001
0000000001001
0000001000011
1111111111111
0000001101100
0000000101101
0000001111111
0000001110000
1111101010001
1111111010100
1111111111101
0000000000010
0000000011111
0000000111000
0000010000111
1111110111001
1111110111111
1111110110110
0000000011111
1111111011100
0000001001111
0000000001010
1111101111010
1111101010001
0000010000010
0000000000000
0000001001000
1111101111010
0000001110100
0000000001010
0000001000110
0000001000001
0000000001111
0000010001111
0000000111101
1111111110001
1111110110001
1111111001101
1111110111010
1111111000100
1111111101110
0000010010101
1111110001101
1111111011111
1111101110100
0000001001001
0000000000011
1111100110110
1111111011010
0000000011000
0000000110010
1111110101011
1111111011010
1111110101000
0000000110000
0000001001110
1111111100000
1111101110101
1111111100000
1111111110101
1111110011100
1111110111000
1111110101001
0000001111000
1111111101000
0000000010000
0000000110100
0000000001100
0000001101110
0000000011000
0000001111110
0000001100101
1111101011001
1111111001000
1111111101010
0000000000001
0000000100000
0000000111010
0000010000101
1111110110000
1111111010000
1111111011010
0000000110011
1111111011101
0000001000011
1111111110110
1111101111010
1111101001101
0000001111011
1111111011110
0000001101101
1111110000100
0000001101111
1111111110010
0000001011001
0000000011101
0000000011111
0000010001011
0000000111100
1111111110011
1111111000101
1111110110101
1111111000010
1111111000011
0000000000011
1111111101110
1111111010010
0000010010011
0000000111111
0000000011011
1111111100100
1111101110101
1111111010011
1111111000000
0000000110110
0000000100000
0000000111100
0000001001010
0000000110101
1111111000010
0000000110010
0000001001001
0000000011011
1111101110111
1111111100110
0000000011100
0000000100010
1111111110001
1111111100001
1111110111100
0000000100111
0000000001110
1111111101011
0000001100101
0000000000101
1111111101001
0000000111011
1111110011001
0000000010111
1111101010110
0000001000111
0000000001110
0000000011011
1111111111100
0000001000101
1111110111011
1111110111010
1111111111110
0000001010110
1111111010111
1111110111111
1111110101111
1111111101011
0000000001010
1111111010000
0000000101011
1111111111000
0000010000010
1111110010100
0000000111101
1111111000011
0000000111101
0000000000010
1111110100111
0000000000100
1111111011000
1111110111100
0000001101110
0000000011100
1111111101111
1111111011000
0000010011111
0000001010011
0000000011110
1111111001010
1111101110001
1111111011011
1111110111011
0000001000110
0000000111010
0000000110100
0000000111011
0000000011100
1111111000010
0000000111110
0000000010010
0000001001100
0000000000111
1111111001011
0000000110010
1111111110110
1111111100001
0000001100111
0000000101100
0000000101000
1111111111111
0000000110100
1111111000110
0000000110101
1111111011010
1111111101010
1111111111110
0000001101101
1111111101100
1111111001100
0000000011011
0000000001110
0000000000000
1111111011101
1111111110001
1111110010100
0000000000011
0000000100110
1111111001111
1111110110001
0000000011110
1111111010100
1111110010001
0000000101011
0000000010011
0000000000000
0000000000110
1111111000001
1111111011110
0000000011010
1111110111101
0000000111000
1111111010111
0000000011000
1111111100000
0000000001011
1111110000011
0000000110011
0000000011011
1111110100011
0000000001011
1111111001011
0000000110001
0000000010001
0000000100001
1111111010000
1111111101011
0000000001010
0000001101111
0000000010100
1111111010010
0000000010000
1111110110110
1111111001101
0000000000000
0000000111001
0000000001100
1111110111100
0000000110011
1111111101100
1111111011101
0000001100111
0000000101011
0000000110000
0000000001110
0000000101101
1111111001010
0000000110110
1111111100111
0000000011000
