0.035156
0.148438
0.013672
-0.103516
0.097656
-0.019531
-0.060547
0.201172
0.085938
0.078125
-0.001953
0.101563
-0.113281
0.103516
-0.074219
-0.042969
-0.003906
0.212891
-0.039063
-0.101563
-0.175781
-0.125000
-0.039063
0.064453
0.066406
0.048828
0.078125
0.154297
0.042969
-0.113281
0.091797
0.091797
-0.039063
0.109375
0.015625
-0.119141
-0.164063
-0.123047
-0.095703
0.111328
0.115234
0.046875
0.074219
0.146484
0.050781
-0.121094
0.078125
0.099609
-0.029297
0.091797
0.009766
-0.093750
-0.173828
-0.123047
-0.076172
0.072266
0.074219
0.035156
0.095703
0.160156
0.042969
-0.087891
0.089844
0.072266
-0.052734
0.074219
0.011719
-0.076172
-0.171875
-0.130859
-0.068359
0.074219
0.091797
0.066406
0.074219
0.164063
0.039063
-0.111328
0.111328
0.089844
-0.058594
0.087891
-0.001953
-0.089844
-0.169922
-0.105469
-0.068359
0.068359
0.089844
0.062500
0.101563
0.154297
-0.007813
-0.099609
0.097656
0.078125
-0.027344
0.095703
0.027344
-0.101563
-0.136719
-0.130859
-0.064453
0.083984
0.113281
0.039063
0.091797
0.154297
0.041016
-0.109375
0.083984
0.089844
-0.050781
0.060547
0.015625
-0.074219
-0.169922
-0.140625
-0.072266
0.074219
0.099609
0.054688
0.058594
0.142578
0.019531
-0.113281
0.095703
0.080078
-0.046875
0.080078
0.027344
-0.111328
-0.160156
-0.123047
-0.060547
0.078125
0.080078
0.050781
0.080078
0.156250
0.023438
-0.099609
0.111328
0.095703
-0.041016
0.083984
0.035156
-0.087891
-0.164063
-0.119141
-0.064453
0.062500
0.089844
0.037109
0.074219
0.162109
0.035156
-0.113281
0.080078
0.064453
-0.017578
0.107422
0.027344
-0.093750
-0.164063
-0.093750
-0.060547
0.052734
0.099609
0.050781
0.095703
0.175781
0.039063
-0.091797
0.072266
0.121094
-0.025391
0.123047
0.013672
-0.064453
0.089844
-0.052734
0.056641
0.126953
0.037109
0.021484
0.001953
-0.179688
-0.128906
0.072266
-0.179688
0.199219
-0.052734
0.027344
-0.041016
-0.005859
0.095703
-0.050781
-0.103516
-0.039063
0.076172
0.082031
-0.066406
-0.070313
-0.058594
0.015625
-0.146484
0.042969
0.019531
0.078125
-0.076172
-0.046875
0.140625
-0.023438
-0.089844
0.027344
-0.095703
0.146484
0.013672
-0.037109
-0.115234
0.083984
-0.078125
0.076172
0.167969
0.048828
-0.025391
0.048828
-0.039063
0.066406
-0.042969
-0.056641
-0.060547
0.091797
-0.062500
0.041016
0.023438
-0.011719
-0.060547
-0.080078
0.000000
-0.070313
0.099609
-0.052734
0.068359
-0.064453
0.085938
0.144531
0.031250
0.031250
0.035156
-0.160156
-0.117188
0.072266
-0.175781
0.234375
-0.066406
0.033203
-0.021484
-0.029297
0.085938
-0.056641
-0.078125
-0.021484
0.103516
0.046875
-0.083984
-0.066406
-0.105469
-0.019531
-0.115234
0.029297
0.023438
0.044922
-0.082031
-0.060547
0.173828
-0.070313
-0.103516
-0.009766
-0.056641
0.181641
0.046875
-0.085938
-0.115234
0.101563
-0.074219
0.095703
0.164063
0.041016
-0.054688
0.080078
0.000000
0.054688
-0.003906
-0.080078
-0.056641
0.085938
-0.015625
0.050781
0.015625
-0.046875
-0.099609
-0.078125
0.000000
-0.021484
0.121094
-0.058594
0.074219
-0.074219
0.082031
0.117188
0.013672
0.070313
0.025391
-0.162109
-0.115234
0.058594
-0.162109
0.214844
-0.041016
-0.003906
-0.027344
0.001953
0.091797
-0.029297
-0.101563
-0.056641
0.115234
0.060547
-0.087891
-0.083984
-0.068359
0.021484
-0.117188
0.041016
0.046875
0.066406
-0.078125
-0.027344
-0.013672
-0.083984
0.132813
0.007813
-0.019531
-0.062500
-0.019531
-0.125000
-0.037109
0.050781
0.048828
-0.164063
-0.111328
0.062500
0.058594
-0.089844
-0.062500
-0.044922
0.003906
-0.070313
0.050781
0.019531
-0.042969
0.052734
-0.193359
0.019531
0.001953
0.025391
0.058594
-0.021484
-0.007813
0.019531
-0.046875
0.074219
-0.089844
0.083984
0.066406
0.072266
-0.033203
0.000000
0.025391
0.005859
0.123047
0.121094
0.101563
0.062500
-0.056641
0.000000
-0.113281
-0.023438
0.083984
0.000000
-0.029297
-0.048828
-0.019531
0.035156
0.136719
-0.140625
0.062500
-0.105469
-0.017578
0.000000
-0.005859
-0.003906
0.005859
-0.144531
0.148438
0.009766
-0.037109
-0.111328
-0.054688
-0.099609
-0.031250
0.091797
0.037109
-0.173828
-0.123047
0.052734
0.029297
-0.101563
-0.140625
0.083984
0.080078
-0.050781
-0.070313
-0.037109
-0.056641
0.085938
0.019531
-0.134766
-0.123047
-0.027344
0.085938
-0.054688
0.056641
-0.035156
0.109375
-0.056641
0.210938
-0.013672
0.070313
0.095703
-0.138672
0.185547
-0.099609
-0.107422
0.097656
0.064453
0.009766
0.029297
0.019531
0.119141
0.125000
0.083984
-0.121094
-0.115234
0.060547
0.035156
-0.103516
0.103516
0.005859
0.076172
-0.033203
-0.115234
0.033203
0.019531
-0.117188
0.066406
0.060547
0.083984
0.013672
0.089844
0.005859
0.066406
-0.039063
0.042969
-0.042969
0.021484
0.099609
0.056641
-0.199219
0.017578
-0.027344
0.273438
-0.134766
0.078125
0.048828
-0.066406
-0.080078
-0.019531
-0.070313
0.097656
0.021484
-0.123047
-0.111328
-0.013672
0.048828
-0.060547
0.058594
-0.050781
