0.035156
0.148438
0.013672
-0.103516
0.097656
-0.019531
-0.060547
0.201172
0.085938
0.078125
-0.001953
0.101563
-0.113281
0.103516
-0.074219
-0.042969
-0.003906
0.212891
-0.039063
-0.101563
-0.078125
-0.062500
-0.013672
0.109375
-0.023438
0.035156
0.087891
-0.062500
-0.009766
-0.050781
0.048828
0.099609
-0.089844
0.009766
-0.019531
-0.046875
-0.148438
-0.023438
-0.017578
0.082031
-0.046875
0.054688
0.031250
0.048828
0.000000
0.007813
0.001953
0.058594
-0.064453
-0.066406
0.039063
-0.017578
-0.181641
-0.039063
-0.029297
-0.001953
-0.023438
0.007813
0.060547
0.042969
-0.027344
-0.011719
0.056641
0.068359
-0.005859
0.017578
-0.048828
0.000000
-0.021484
-0.103516
-0.033203
0.037109
0.000000
0.052734
0.039063
0.009766
0.037109
0.015625
-0.041016
0.031250
-0.054688
0.027344
0.019531
-0.029297
-0.029297
-0.115234
-0.007813
0.023438
0.000000
0.021484
0.089844
0.001953
-0.011719
-0.015625
0.001953
0.009766
-0.148438
0.091797
-0.011719
-0.007813
-0.044922
-0.062500
-0.044922
0.009766
-0.080078
0.027344
0.044922
0.076172
-0.015625
-0.001953
0.101563
0.058594
-0.015625
0.052734
0.013672
0.021484
-0.083984
-0.128906
-0.007813
0.011719
-0.027344
0.035156
0.000000
-0.001953
0.027344
-0.039063
0.058594
0.054688
-0.105469
0.033203
-0.009766
-0.037109
-0.068359
-0.105469
-0.083984
0.052734
0.011719
0.105469
0.072266
0.003906
-0.025391
-0.068359
0.023438
0.060547
-0.078125
-0.035156
0.005859
-0.005859
-0.062500
-0.060547
-0.042969
0.041016
-0.021484
0.046875
0.050781
0.052734
-0.068359
0.041016
0.029297
0.011719
-0.037109
0.058594
-0.023438
-0.017578
-0.097656
-0.037109
-0.056641
0.019531
0.003906
0.041016
0.037109
0.013672
-0.009766
-0.072266
0.019531
0.035156
-0.093750
-0.035156
-0.058594
-0.044922
0.007813
-0.044922
0.046875
0.048828
-0.033203
-0.015625
0.039063
-0.060547
-0.101563
0.001953
-0.093750
0.076172
-0.044922
0.105469
0.003906
-0.091797
0.013672
-0.021484
-0.003906
-0.041016
0.013672
0.000000
-0.093750
-0.095703
-0.080078
0.046875
-0.066406
0.029297
0.035156
0.023438
-0.025391
0.003906
0.044922
0.019531
-0.078125
0.056641
-0.058594
0.050781
0.068359
-0.007813
-0.083984
0.041016
0.001953
0.035156
0.076172
-0.050781
-0.054688
0.015625
0.078125
-0.009766
-0.011719
-0.041016
0.029297
0.115234
-0.076172
0.058594
0.003906
0.033203
-0.021484
-0.103516
-0.037109
-0.056641
-0.011719
0.017578
-0.013672
-0.033203
0.033203
0.064453
0.025391
0.017578
0.005859
-0.025391
0.005859
0.062500
-0.017578
0.111328
-0.042969
0.003906
0.048828
-0.050781
0.121094
-0.031250
0.064453
-0.017578
0.005859
0.005859
-0.070313
-0.052734
-0.005859
0.007813
-0.070313
0.050781
-0.017578
0.001953
0.031250
0.000000
0.078125
0.000000
-0.070313
0.054688
-0.078125
0.083984
0.121094
0.003906
-0.054688
0.056641
-0.023438
0.140625
0.039063
-0.019531
0.019531
0.074219
0.029297
0.078125
-0.021484
0.052734
-0.003906
0.097656
-0.060547
0.003906
0.031250
-0.089844
-0.082031
-0.082031
-0.021484
-0.005859
0.048828
0.056641
0.023438
-0.033203
-0.021484
0.068359
-0.005859
-0.044922
0.095703
0.000000
0.027344
-0.013672
-0.044922
0.035156
-0.058594
0.021484
0.052734
-0.046875
0.103516
-0.039063
-0.025391
-0.062500
0.029297
-0.013672
0.003906
-0.009766
-0.054688
-0.005859
-0.056641
-0.001953
0.111328
0.054688
-0.037109
0.005859
-0.125000
-0.115234
0.193359
-0.017578
-0.312500
-0.017578
0.021484
-0.095703
-0.082031
-0.291016
-0.181641
-0.017578
0.226563
0.210938
-0.349609
0.119141
-0.009766
-0.066406
0.099609
-0.134766
0.193359
0.046875
0.173828
-0.216797
-0.427734
0.068359
0.126953
0.300781
0.220703
-0.291016
0.291016
-0.253906
-0.099609
-0.337891
0.029297
-0.042969
-0.027344
-0.058594
-0.093750
0.109375
0.000000
0.220703
0.201172
-0.060547
0.000000
0.191406
-0.044922
-0.013672
-0.060547
-0.201172
0.005859
0.251953
-0.001953
0.097656
0.078125
-0.199219
-0.269531
-0.103516
-0.248047
-0.035156
0.070313
-0.138672
-0.228516
0.019531
-0.150391
-0.072266
0.156250
-0.013672
-0.269531
-0.003906
-0.029297
-0.177734
-0.046875
-0.328125
-0.142578
-0.023438
0.154297
0.234375
-0.375000
0.162109
-0.097656
0.302734
-0.099609
-0.130859
-0.222656
-0.148438
0.066406
-0.113281
-0.097656
-0.162109
0.052734
-0.113281
-0.253906
0.103516
0.380859
0.121094
0.310547
0.310547
-0.025391
-0.048828
-0.250000
0.027344
-0.005859
0.205078
-0.173828
-0.144531
-0.039063
0.023438
0.312500
-0.062500
0.052734
0.201172
-0.130859
0.076172
-0.232422
0.037109
-0.097656
0.083984
-0.130859
0.072266
-0.171875
-0.113281
0.021484
-0.126953
-0.232422
-0.029297
0.216797
0.111328
0.207031
0.156250
0.123047
-0.037109
0.164063
0.095703
0.070313
-0.107422
-0.181641
0.042969
-0.017578
0.005859
0.162109
0.208984
-0.289063
0.169922
-0.068359
0.255859
-0.115234
-0.132813
-0.222656
-0.179688
0.062500
-0.103516
-0.093750
-0.175781
0.039063
-0.126953
-0.197266
0.023438
0.365234
0.144531
