-0.085938
-0.027344
-0.160156
0.058594
-0.156250
-0.080078
0.005859
-0.312500
-0.091797
-0.019531
0.091797
-0.152344
-0.103516
0.011719
0.017578
0.033203
-0.115234
0.087891
-0.332031
-0.052734
-0.080078
-0.072266
-0.019531
0.035156
0.082031
-0.041016
-0.011719
0.138672
-0.029297
-0.078125
0.013672
0.037109
0.035156
0.046875
0.005859
-0.095703
-0.082031
-0.025391
0.021484
0.021484
0.117188
-0.005859
0.039063
0.052734
0.080078
-0.031250
0.062500
-0.050781
-0.003906
0.056641
-0.013672
-0.017578
-0.029297
-0.025391
0.021484
-0.033203
0.058594
0.041016
0.044922
0.093750
0.078125
-0.083984
0.033203
0.025391
0.064453
0.099609
-0.003906
-0.003906
-0.048828
0.001953
0.023438
0.044922
0.066406
0.009766
0.050781
0.097656
0.080078
-0.054688
0.046875
-0.060547
0.039063
0.050781
-0.001953
-0.025391
0.000000
-0.019531
-0.015625
0.068359
0.099609
0.005859
0.023438
0.107422
0.109375
-0.039063
-0.027344
0.064453
0.021484
0.066406
0.037109
-0.070313
-0.027344
-0.015625
-0.025391
-0.050781
0.042969
0.033203
-0.003906
0.070313
0.023438
-0.037109
0.029297
-0.023438
0.017578
0.009766
-0.029297
-0.070313
-0.042969
-0.054688
0.009766
-0.023438
0.027344
0.015625
0.003906
0.054688
0.054688
-0.070313
0.013672
-0.070313
0.005859
0.041016
0.035156
-0.023438
-0.050781
-0.052734
-0.037109
-0.001953
0.087891
-0.015625
0.007813
0.082031
0.060547
-0.031250
0.095703
-0.019531
0.062500
0.037109
-0.046875
-0.015625
-0.093750
-0.003906
-0.029297
0.013672
0.060547
0.000000
0.021484
0.093750
-0.007813
-0.082031
0.000000
-0.060547
0.089844
0.074219
-0.039063
-0.093750
-0.099609
-0.052734
-0.017578
0.023438
0.085938
0.003906
-0.005859
0.080078
0.152344
-0.009766
0.000000
0.005859
0.005859
-0.029297
0.027344
-0.025391
-0.001953
0.029297
0.031250
0.005859
-0.007813
0.052734
0.015625
-0.056641
-0.023438
0.042969
-0.074219
0.064453
0.000000
-0.087891
-0.095703
0.042969
-0.037109
-0.013672
-0.052734
0.035156
-0.005859
0.013672
0.019531
-0.001953
0.001953
-0.023438
-0.048828
-0.044922
-0.029297
0.072266
-0.076172
-0.031250
0.029297
-0.046875
-0.035156
0.003906
-0.013672
0.097656
-0.113281
-0.015625
-0.029297
0.056641
-0.044922
-0.009766
0.039063
0.015625
-0.003906
-0.001953
-0.054688
-0.046875
-0.046875
-0.031250
-0.105469
0.011719
0.017578
0.031250
0.021484
0.001953
0.000000
0.013672
0.009766
0.041016
0.056641
-0.068359
0.019531
-0.003906
0.064453
0.033203
0.029297
0.066406
0.001953
-0.117188
-0.117188
0.025391
-0.085938
0.054688
-0.039063
-0.078125
-0.072266
0.062500
0.042969
-0.021484
-0.085938
0.017578
-0.023438
0.070313
-0.054688
-0.003906
0.080078
0.103516
-0.068359
-0.042969
-0.042969
-0.031250
-0.041016
0.025391
0.070313
-0.041016
-0.058594
-0.029297
0.003906
0.056641
-0.091797
-0.095703
-0.072266
0.087891
-0.035156
-0.017578
-0.068359
0.027344
0.048828
-0.019531
-0.046875
-0.001953
-0.031250
-0.037109
0.039063
0.000000
0.023438
-0.027344
0.013672
0.009766
0.033203
0.019531
0.011719
0.000000
0.062500
-0.082031
0.015625
-0.017578
0.009766
-0.005859
0.046875
0.039063
0.017578
-0.093750
-0.056641
0.037109
-0.111328
0.164063
0.058594
-0.007813
-0.060547
0.083984
0.001953
-0.007813
-0.066406
0.029297
0.000000
0.035156
0.041016
-0.091797
0.037109
0.062500
-0.017578
-0.035156
-0.056641
-0.046875
-0.082031
0.025391
-0.136719
0.125000
-0.363281
-0.025391
0.037109
-0.240234
-0.109375
0.019531
-0.070313
-0.041016
-0.175781
-0.740234
-0.033203
-0.306641
0.236328
0.017578
-0.443359
0.021484
0.138672
0.019531
-0.025391
-0.289063
-0.015625
0.009766
0.363281
0.259766
0.064453
0.273438
-0.175781
-0.292969
0.005859
-0.181641
-0.109375
0.193359
-0.015625
-0.216797
-0.099609
0.123047
-0.199219
-0.076172
0.101563
-0.041016
-0.058594
-0.244141
0.158203
0.261719
0.113281
0.289063
0.009766
0.123047
-0.216797
-0.177734
-0.054688
0.000000
0.031250
0.156250
0.066406
-0.138672
0.113281
-0.244141
0.078125
-0.433594
-0.240234
-0.019531
-0.085938
0.060547
-0.322266
-0.060547
0.046875
-0.306641
-0.119141
-0.031250
-0.042969
-0.072266
-0.134766
-0.699219
-0.058594
-0.253906
0.218750
0.035156
-0.384766
0.101563
-0.177734
-0.275391
-0.250000
-0.050781
0.214844
0.000000
-0.220703
-0.486328
0.011719
-0.185547
0.060547
-0.048828
-0.080078
-0.029297
-0.169922
-0.269531
-0.082031
-0.070313
0.175781
0.001953
-0.345703
0.195313
-0.193359
0.294922
0.140625
-0.103516
0.123047
0.371094
-0.238281
0.226563
0.037109
-0.302734
0.191406
-0.042969
-0.197266
-0.164063
-0.068359
0.142578
0.197266
0.367188
-0.119141
-0.236328
-0.164063
-0.013672
0.500000
0.027344
0.259766
0.326172
-0.230469
0.330078
0.154297
-0.097656
0.000000
-0.015625
-0.058594
-0.380859
-0.271484
0.007813
0.066406
0.318359
0.083984
0.115234
-0.345703
0.166016
-0.171875
-0.294922
-0.250000
-0.048828
0.333984
0.000000
-0.261719
-0.457031
0.046875
-0.240234
0.115234
-0.054688
-0.083984
-0.003906
