0.035156
0.148438
0.013672
-0.103516
0.097656
-0.019531
-0.060547
0.201172
0.085938
0.078125
-0.001953
0.101563
-0.113281
0.103516
-0.074219
-0.042969
-0.003906
0.212891
-0.039063
-0.101563
0.013672
0.013672
0.060547
-0.076172
0.267578
-0.142578
-0.058594
0.384766
0.298828
-0.140625
0.035156
-0.214844
0.238281
0.197266
-0.062500
-0.027344
-0.001953
0.003906
0.041016
-0.093750
0.283203
-0.144531
-0.105469
0.367188
0.271484
-0.150391
0.033203
-0.220703
0.236328
0.216797
-0.082031
-0.048828
-0.007813
0.019531
0.054688
-0.062500
0.308594
-0.140625
-0.056641
0.382813
0.240234
-0.169922
0.068359
-0.236328
0.263672
0.179688
-0.062500
-0.052734
0.001953
0.015625
0.027344
-0.068359
0.291016
-0.207031
-0.089844
0.361328
0.326172
-0.146484
0.044922
-0.212891
0.250000
0.195313
-0.052734
-0.052734
-0.003906
-0.003906
0.050781
-0.005859
0.300781
-0.158203
-0.066406
0.357422
0.277344
-0.187500
0.060547
-0.283203
0.251953
0.179688
-0.085938
-0.074219
0.009766
-0.058594
0.052734
-0.089844
0.298828
-0.177734
-0.033203
0.353516
0.228516
-0.126953
0.039063
-0.242188
0.253906
0.234375
-0.042969
-0.113281
-0.019531
0.023438
0.072266
-0.076172
0.300781
-0.148438
-0.126953
0.373047
0.248047
-0.144531
0.042969
-0.234375
0.273438
0.193359
-0.058594
-0.070313
-0.031250
0.005859
0.087891
-0.058594
0.267578
-0.197266
-0.099609
0.367188
0.246094
-0.115234
0.050781
-0.257813
0.244141
0.230469
-0.052734
-0.054688
-0.001953
-0.013672
0.046875
-0.062500
0.285156
-0.169922
-0.082031
0.382813
0.273438
-0.177734
0.029297
-0.230469
0.228516
0.199219
-0.033203
-0.062500
-0.001953
0.011719
0.031250
-0.027344
0.269531
-0.195313
-0.093750
0.367188
0.269531
-0.105469
0.060547
-0.246094
0.271484
0.195313
-0.048828
-0.044922
-0.099609
-0.009766
-0.005859
0.046875
0.119141
0.283203
-0.154297
-0.113281
-0.103516
0.039063
-0.070313
0.134766
0.017578
-0.236328
-0.341797
0.279297
-0.085938
0.189453
-0.285156
0.230469
-0.007813
0.164063
0.142578
0.021484
0.314453
0.099609
-0.033203
-0.119141
-0.113281
-0.134766
-0.126953
-0.046875
0.242188
-0.248047
-0.070313
-0.220703
0.146484
-0.023438
-0.367188
-0.072266
0.041016
0.109375
-0.169922
-0.052734
-0.169922
0.128906
0.181641
-0.054688
-0.250000
-0.093750
0.013672
-0.218750
-0.160156
-0.183594
0.207031
-0.029297
0.017578
0.130859
-0.001953
0.210938
0.087891
0.248047
0.218750
-0.341797
-0.085938
-0.005859
0.003906
0.060547
0.109375
0.263672
-0.138672
-0.126953
-0.144531
0.060547
-0.070313
0.154297
0.019531
-0.261719
-0.341797
0.253906
0.000000
0.140625
-0.261719
0.226563
0.019531
0.136719
0.126953
0.029297
0.279297
0.119141
-0.029297
-0.154297
-0.099609
-0.136719
-0.117188
-0.035156
0.291016
-0.224609
-0.064453
-0.273438
0.142578
0.005859
-0.394531
-0.074219
0.046875
0.097656
-0.166016
-0.074219
-0.171875
0.093750
0.152344
-0.062500
-0.271484
-0.062500
-0.021484
-0.195313
-0.140625
-0.169922
0.234375
-0.046875
0.031250
0.101563
0.023438
0.214844
0.046875
0.246094
0.197266
-0.326172
-0.109375
-0.042969
0.001953
0.062500
0.113281
0.259766
-0.156250
-0.093750
-0.074219
0.099609
-0.068359
0.130859
-0.019531
-0.261719
-0.349609
0.240234
-0.066406
0.212891
-0.242188
0.216797
-0.027344
0.173828
0.056641
0.060547
0.271484
0.117188
-0.025391
-0.115234
-0.146484
-0.121094
-0.119141
0.005859
-0.035156
-0.089844
0.287109
0.123047
0.052734
-0.054688
-0.271484
-0.087891
-0.125000
0.105469
0.062500
0.117188
0.144531
0.103516
-0.121094
0.097656
0.142578
0.052734
-0.267578
-0.050781
0.054688
0.066406
-0.029297
-0.060547
-0.132813
0.076172
0.027344
-0.041016
0.197266
0.009766
-0.044922
0.115234
-0.201172
0.044922
-0.332031
0.138672
0.027344
0.052734
-0.007813
0.134766
-0.134766
-0.136719
-0.003906
0.167969
-0.080078
-0.126953
-0.158203
-0.041016
0.019531
-0.093750
0.083984
-0.015625
0.253906
-0.210938
0.119141
-0.119141
0.119141
0.003906
-0.173828
0.007813
-0.078125
-0.132813
0.214844
0.054688
-0.033203
-0.078125
0.310547
0.162109
0.058594
-0.105469
-0.279297
-0.072266
-0.134766
0.136719
0.113281
0.101563
0.115234
0.054688
-0.121094
0.121094
0.035156
0.148438
0.013672
-0.103516
0.097656
-0.019531
-0.060547
0.201172
0.085938
0.078125
-0.001953
0.101563
-0.113281
0.103516
-0.074219
-0.042969
-0.003906
0.212891
-0.039063
-0.101563
0.052734
0.027344
0.000000
-0.068359
-0.029297
-0.210938
0.005859
0.074219
-0.095703
-0.154297
0.058594
-0.085938
-0.216797
0.083984
0.037109
0.000000
0.011719
-0.123047
-0.066406
0.050781
-0.130859
0.109375
-0.080078
0.046875
-0.062500
0.021484
-0.244141
0.099609
0.052734
-0.181641
0.021484
-0.103516
0.095703
0.033203
0.064453
-0.093750
-0.041016
0.019531
0.216797
0.039063
-0.089844
0.031250
-0.144531
-0.099609
0.000000
0.111328
0.023438
-0.132813
0.099609
-0.039063
-0.068359
0.201172
0.083984
0.093750
0.027344
0.087891
-0.105469
0.105469
-0.048828
0.046875
