-0.085938
-0.027344
-0.160156
0.058594
-0.156250
-0.080078
0.005859
-0.312500
-0.091797
-0.019531
0.091797
-0.152344
-0.103516
0.011719
0.017578
0.033203
-0.115234
0.087891
-0.332031
-0.052734
0.023438
0.013672
0.017578
-0.066406
0.087891
-0.097656
-0.066406
0.115234
0.103516
-0.035156
-0.015625
-0.115234
0.128906
0.056641
-0.019531
-0.023438
0.009766
0.031250
0.046875
-0.064453
0.103516
-0.103516
-0.035156
0.121094
0.089844
-0.029297
-0.017578
-0.146484
0.113281
0.066406
-0.029297
-0.003906
0.037109
0.019531
0.050781
-0.037109
0.097656
-0.072266
-0.054688
0.119141
0.119141
-0.037109
0.015625
-0.111328
0.134766
0.056641
0.013672
-0.009766
0.019531
0.074219
0.041016
-0.033203
0.076172
-0.064453
-0.062500
0.119141
0.117188
-0.009766
0.000000
-0.111328
0.097656
0.046875
-0.033203
-0.011719
0.025391
0.041016
0.058594
-0.048828
0.121094
-0.093750
-0.050781
0.119141
0.113281
-0.046875
0.001953
-0.125000
0.095703
0.058594
-0.041016
0.000000
0.050781
0.025391
0.046875
-0.042969
0.101563
-0.078125
-0.054688
0.154297
0.083984
-0.044922
-0.003906
-0.144531
0.117188
0.066406
-0.007813
0.013672
0.019531
0.031250
0.015625
-0.058594
0.072266
-0.062500
-0.044922
0.111328
0.113281
-0.044922
-0.009766
-0.134766
0.138672
0.054688
-0.044922
-0.019531
0.031250
0.031250
0.046875
-0.046875
0.083984
-0.080078
-0.054688
0.140625
0.103516
-0.042969
-0.013672
-0.123047
0.119141
0.076172
-0.035156
0.003906
0.046875
0.029297
0.058594
-0.042969
0.105469
-0.083984
-0.031250
0.121094
0.113281
-0.031250
-0.017578
-0.146484
0.091797
0.058594
-0.021484
-0.003906
0.042969
0.027344
0.042969
-0.017578
0.093750
-0.091797
-0.072266
0.105469
0.125000
-0.048828
-0.019531
-0.119141
0.111328
0.082031
-0.017578
-0.007813
-0.046875
0.031250
-0.019531
0.001953
0.039063
0.091797
-0.080078
-0.005859
-0.035156
0.017578
0.013672
0.000000
0.023438
-0.125000
-0.148438
0.130859
-0.087891
0.107422
-0.119141
0.103516
-0.037109
0.035156
0.089844
0.029297
0.152344
0.044922
0.019531
-0.080078
-0.078125
-0.068359
-0.048828
0.013672
0.054688
-0.105469
0.000000
-0.128906
0.078125
-0.046875
-0.158203
-0.001953
0.031250
0.029297
-0.048828
-0.068359
-0.117188
0.033203
0.068359
-0.041016
-0.103516
-0.072266
0.019531
-0.080078
-0.039063
-0.089844
0.130859
-0.015625
-0.011719
0.050781
0.007813
0.113281
0.017578
0.091797
0.087891
-0.115234
-0.027344
0.007813
-0.005859
0.000000
0.056641
0.126953
-0.074219
-0.007813
-0.023438
0.027344
0.042969
0.005859
0.009766
-0.136719
-0.134766
0.123047
-0.025391
0.082031
-0.113281
0.093750
-0.025391
0.046875
0.042969
0.025391
0.154297
0.037109
0.031250
-0.074219
-0.066406
-0.056641
-0.013672
-0.009766
0.087891
-0.101563
0.001953
-0.093750
0.070313
-0.058594
-0.177734
-0.005859
0.062500
0.017578
-0.056641
-0.052734
-0.125000
0.019531
0.091797
-0.046875
-0.105469
-0.050781
0.029297
-0.072266
-0.044922
-0.064453
0.091797
-0.013672
0.013672
0.068359
0.015625
0.152344
0.046875
0.121094
0.060547
-0.142578
-0.078125
0.005859
0.001953
-0.021484
0.048828
0.103516
-0.083984
-0.052734
-0.031250
0.019531
0.005859
0.019531
-0.005859
-0.115234
-0.134766
0.117188
-0.033203
0.111328
-0.101563
0.113281
-0.048828
0.056641
0.017578
0.054688
0.144531
0.076172
0.039063
-0.074219
-0.064453
-0.062500
-0.046875
-0.011719
-0.027344
0.005859
-0.050781
0.138672
0.074219
0.000000
-0.214844
-0.011719
0.042969
-0.017578
0.033203
0.132813
0.179688
-0.013672
-0.027344
-0.011719
-0.095703
-0.078125
-0.095703
0.000000
0.019531
0.011719
-0.089844
0.033203
0.050781
0.029297
-0.013672
-0.003906
0.005859
-0.117188
0.000000
0.130859
0.003906
0.025391
-0.121094
-0.039063
0.023438
0.058594
0.000000
0.017578
-0.167969
0.041016
-0.027344
-0.019531
-0.080078
-0.009766
-0.119141
0.023438
-0.041016
-0.044922
-0.039063
-0.123047
-0.017578
-0.187500
0.041016
-0.068359
0.050781
-0.068359
0.056641
-0.029297
-0.105469
-0.009766
0.154297
-0.015625
-0.046875
-0.031250
-0.066406
0.138672
0.121094
-0.017578
-0.222656
0.009766
0.064453
-0.011719
0.001953
0.119141
0.175781
-0.017578
-0.035156
-0.048828
0.091797
-0.044922
-0.019531
0.054688
-0.111328
-0.080078
0.041016
0.044922
-0.015625
-0.035156
0.136719
0.041016
-0.111328
-0.115234
-0.044922
0.029297
-0.054688
0.078125
-0.019531
0.011719
-0.121094
-0.011719
-0.107422
0.111328
0.015625
-0.105469
0.091797
0.037109
-0.035156
0.072266
-0.042969
-0.083984
-0.109375
0.017578
0.123047
0.201172
-0.212891
0.023438
-0.027344
-0.007813
0.013672
0.150391
-0.107422
0.005859
-0.101563
-0.072266
-0.060547
-0.037109
-0.025391
0.046875
0.132813
0.050781
0.125000
-0.019531
-0.042969
-0.082031
0.005859
-0.015625
-0.027344
-0.011719
0.142578
0.046875
-0.066406
-0.019531
0.103516
-0.064453
-0.046875
0.027344
-0.082031
-0.091797
0.031250
0.039063
-0.027344
-0.058594
0.142578
0.031250
-0.105469
-0.056641
-0.046875
0.029297
