0.009880
0.054840
-0.070450
0.120500
-0.119070
0.117650
0.203660
-0.028430
-0.120980
0.030690
0.009430
0.114610
0.200550
-0.012730
-0.097570
0.081400
0.108700
0.083990
-0.007840
0.046690
0.018700
0.139240
-0.136130
0.045610
0.018770
-0.067850
-0.061230
-0.179020
-0.033660
-0.122980
-0.016770
0.108640
0.088940
-0.051200
0.052080
0.073110
-0.026470
-0.084950
0.097710
-0.073200
-0.037130
0.019000
-0.105210
0.106330
-0.031860
0.122550
0.128640
-0.121070
0.108700
-0.116830
0.047380
-0.123180
0.087310
-0.012040
-0.097760
-0.076470
-0.176880
-0.041300
-0.101330
0.087720
0.062610
0.100020
-0.002720
-0.025130
