0000000000101
0000000011100
1111111011100
0000000111101
1111111000100
0000000111100
0000001101000
1111111110010
1111111000011
0000000001111
0000000000100
0000000111010
0000001100110
1111111111010
1111111001111
0000000101001
0000000110111
0000000101011
1111111111100
0000000010111
0000000001001
0000001000111
1111110111011
0000000010111
0000000001001
1111111011110
1111111100001
1111110100101
1111111101111
1111111000010
1111111111000
0000000110111
0000000101101
1111111100110
0000000011010
0000000100101
1111111110011
1111111010101
0000000110010
1111111011011
1111111101101
0000000001001
1111111001011
0000000110110
1111111110000
0000000111110
0000001000001
1111111000011
0000000110111
1111111000101
0000000011000
1111111000001
0000000101100
1111111111010
1111111001110
1111111011001
1111110100110
1111111101011
1111111001101
0000000101100
0000000100000
0000000110011
1111111111111
1111111110100
