-0.197640
0.101250
0.104090
0.046870
0.026300
-0.123190
0.059580
0.081650
0.094730
-0.099780
0.098560
-0.050770
-0.084560
-0.059120
-0.005000
-0.027220
0.079060
-0.031190
0.006700
0.113490
0.075490
-0.039480
-0.003000
-0.028490
-0.043620
0.016100
0.084160
0.020930
-0.020240
-0.028720
-0.138820
0.128800
-0.039530
0.054420
-0.070630
-0.115710
-0.060040
-0.090470
0.007750
0.170160
0.122680
-0.067570
0.152120
-0.207370
0.050820
0.043270
0.100450
-0.060900
-0.079060
-0.006870
0.136310
-0.013920
-0.081280
-0.097970
0.042670
0.053000
-0.015670
-0.035820
0.121140
0.006030
0.014450
-0.009200
0.094460
0.041580
